ahmedayman         12121212121212 111  100
karimayman         13131313131313 222   1455
alidorgham         14141414141414 333 3000
ahmedhassen        15151515151515 444 5000
michealonsy        16161616161616 555 6000
mohamedalaa        17171717171717 666 7000
ahmedayman         18181818181818 777 8000
karimayman         19191919191919 888 9000
ebrahimali         11111111111111 111  958
alidorgham         22222222222222 222 2222
ahmedhassen        33333333333333 333 3333
michealonsy        44444444444444 444 4444
mohamedalaa        55555555555555 555  5543
